500
0 1738 4858 2863 3365 9039 7463 529 2463 6103 2558 9537 291 2410 3326 
1 4035 3184 9709 8418 2554 3575 4670 1997 2526 2190 454 2177 9276 5813 5109 812 3680 1960 1786 1355 8843 7061 5696 5193 
2 1340 9345 5953 7686 4564 4933 3599 2453 6640 6287 6373 
3 7997 7179 2192 1206 6817 7659 3923 3863 2681 8854 5525 8081 1953 871 8939 9982 6880 4951 3157 4468 553 9336 6512 1839 6653 5145 1305 
4 1668 5962 2555 4314 9903 199 8209 4129 5122 7267 5038 1710 7899 7289 1339 6251 75 1498 3731 6611 8428 1962 896 2028 6139 1167 8176 6305 6075 3697 4844 5794 7185 269 3750 6406 3005 7509 5950 8300 9608 6459 2972 8919 4254 8151 7706 712 
5 5748 9301 2422 6369 5643 2345 6487 6387 8188 4705 9580 8893 4684 8245 9216 6174 1935 211 9218 7006 9047 9315 2988 8864 658 8597 733 7929 
6 4340 7285 7968 8167 7335 9364 9425 7037 5509 5416 5995 2624 8571 708 3054 2299 3454 1834 4010 8427 5206 3215 1213 8197 6326 3304 
7 4253 2017 3710 5796 7222 9844 4557 8924 3147 9195 8860 4368 1157 2344 
8 6398 7980 9175 8367 1567 946 2894 6975 6773 8591 1680 2127 5541 9578 2361 4418 2532 3781 
9 952 2847 8344 6292 7321 7537 9493 6549 8456 2382 7525 3153 9635 3099 524 8876 3606 6449 4162 7577 6896 6555 2732 8423 
10 511 1638 4660 6173 6762 834 1623 8061 4053 101 4607 8518 260 5161 1609 2377 2445 1481 5862 8528 5604 7874 
11 3370 6582 8372 520 7288 8897 7561 9606 5174 2855 4801 
12 2288 7481 4752 5768 6669 9353 564 1724 7626 882 1340 3847 4490 5179 7557 2349 2692 6550 
13 4314 8125 5677 1647 8445 4526 3509 7135 1535 8174 8855 1628 1491 9569 4823 8473 1666 3932 4087 4211 861 7202 4602 2105 7698 7362 2926 5623 
14 7699 3543 9930 7669 4004 3081 3243 9955 1242 8693 399 8145 9191 5547 227 155 551 616 8578 4572 5730 3549 9920 9735 5313 1019 4147 9101 2431 3795 
15 8994 8812 6855 6630 5966 3883 3752 9137 8579 8441 9703 2323 9750 9933 8313 1889 3219 4727 6485 8139 851 7977 7294 2946 1263 1769 8681 
16 7438 1121 4624 1611 6945 475 9483 5253 4079 6214 6693 4213 5660 8591 4013 521 309 8464 5567 2262 8667 5807 7537 6347 
17 5724 9789 3109 7613 2141 5601 5977 5689 5956 8141 8624 7490 22 
18 2346 367 1572 8256 9602 6313 658 9146 7377 287 6025 6433 6602 598 6451 
19 9628 7577 4589 6035 9906 9881 1667 2981 63 9368 2118 3635 
20 5743 1052 602 4926 7083 7065 4668 6032 6667 4879 4897 9195 4941 8512 
21 6765 861 6758 4232 8715 4511 8798 6865 6738 8239 1178 929 978 1233 8840 567 
22 1084 1191 6661 8481 1645 6000 2226 5070 5375 8866 9689 2856 6360 
23 3020 7221 8200 3013 3364 7487 8417 8762 565 2391 3747 4511 8110 4481 5713 1095 9149 
24 6327 4176 4352 1534 6482 1328 5014 6134 6945 454 3597 2735 2139 1658 8131 3708 6551 8168 8770 5777 9961 3552 1077 7610 3814 1085 4320 227 3642 1330 8295 5440 521 6992 5072 4647 
25 3984 8543 1218 7188 5233 5522 5596 3018 6801 4625 1007 3166 9518 
26 7604 2893 1754 1335 9449 8346 4177 6003 1503 1617 1249 4462 2358 
27 7733 1297 9608 3824 6849 4299 96 2864 7632 4677 7967 6519 9069 2047 7233 
28 9615 8043 9573 4180 116 4539 8599 3104 3158 2589 6675 9114 8922 718 4282 9025 9704 9133 8605 2058 3190 8531 6739 1125 6201 6074 7060 9598 7351 9152 3843 4086 7321 4628 8245 6320 9036 1241 8688 9971 5730 
29 2783 2234 502 268 7978 6190 5557 6248 1086 2039 788 6018 9861 8057 6341 4528 
30 9004 6115 7521 8068 2147 1142 1472 8708 1183 5693 7170 3557 9761 3871 2512 2116 5268 5244 9969 2890 8113 
31 1932 3967 3121 1858 3451 6007 739 6805 1730 6888 6668 2246 812 5916 225 9023 5245 
32 250 5583 2923 6891 244 7696 9611 5108 1708 5113 5375 186 1311 8077 7743 8850 
33 6831 3726 123 9938 7789 1528 2047 5744 5454 3036 252 8840 4993 7263 8659 4092 5802 
34 2538 7454 5434 5366 2682 2973 6051 1878 5028 3593 1708 7328 9079 1805 
35 5904 9135 3833 3046 9788 8117 5539 7073 502 6758 2483 6129 7164 4983 7950 
36 514 5517 6721 4809 5766 2920 7478 7538 3620 5790 7673 5019 
37 5716 3840 2586 3856 4799 5310 202 4536 9818 7291 8851 159 5930 1208 5451 200 
38 1533 438 5067 686 5365 3309 3839 7831 6840 4178 7457 1045 4837 152 1536 8534 580 1607 
39 1774 5064 1134 9013 1956 1625 6765 9120 4527 3320 8566 2383 8775 2074 2740 7861 1465 8787 3080 7618 22 3935 2403 4803 58 1889 244 6330 5352 4534 4813 6436 9179 9621 
40 2176 7039 4774 5704 9559 2785 5035 6192 9806 2191 7980 6818 2791 4894 9924 2693 
41 2882 2147 1481 4066 2191 3145 9945 390 115 5703 1577 1648 5247 
42 3981 9013 3261 4367 9467 1139 7852 7629 5860 3101 2156 2088 9026 3505 5961 3080 8947 8708 6800 8236 1619 752 7790 4614 9238 8350 5583 9633 7634 8361 8880 3414 9253 761 
43 9013 2407 8227 1123 3093 8858 8223 7920 8838 5719 9689 7641 2339 3853 9582 1297 2885 5511 2968 136 7754 2505 7042 8349 6032 9376 
44 4327 9874 4575 6311 3510 8071 2933 1674 6240 451 6494 2215 9253 3329 5572 
45 5340 2615 1524 2666 4399 7545 2209 6487 5099 7 3160 5254 9008 4558 6351 4912 8756 3047 8223 6511 4068 8486 8135 2699 5492 1574 6630 1341 7765 2325 4651 1381 2305 8033 8236 6401 8275 3801 6074 443 
46 1394 4150 685 9367 5785 4778 9977 362 9186 9285 8530 6077 5237 3561 9988 1050 
47 1476 1552 7049 8539 6292 9713 3047 9132 1081 8344 9775 4280 1209 5912 8702 336 8388 9803 4033 1943 9581 7593 5068 5512 3188 9868 
48 9129 4679 8104 405 3064 5129 8054 981 6808 8452 1786 4544 4686 210 9400 7989 8502 2137 6145 9840 4051 524 
49 6020 1289 6196 1560 9852 7790 7899 9219 3533 8932 7142 9311 2846 3505 4546 9741 9063 8451 4102 1323 8122 1220 571 9317 7143 6214 7389 914 1868 5826 
50 9138 6982 1670 130 6986 7590 8004 9056 6077 441 5169 2722 2033 542 6729 9563 7448 9688 8375 
51 6938 6030 3163 523 660 3496 3432 1365 7568 1939 2125 733 6681 7036 1295 5846 8535 1040 1964 172 2341 9717 1412 2275 1425 1444 1606 1354 1752 
52 5301 2193 9928 5106 3383 8168 308 3366 2387 9156 7526 3585 6873 1681 8456 8752 
53 3877 6790 6945 3684 2057 176 4999 4319 704 8744 3525 6655 7071 2834 4353 1469 
54 8514 5812 4297 5490 7122 117 8098 9353 8734 6730 7192 8109 
55 4824 4045 5006 7147 2670 7610 2978 1174 1761 2150 2321 5838 4684 8268 9398 7912 770 6311 5747 8784 5895 9236 1971 5802 9430 5592 4453 2389 5163 6918 6603 9483 
56 7880 9376 6262 4259 8961 3281 1770 2244 6819 3612 4213 7161 2783 9618 5334 8548 3634 2475 4851 8105 
57 1979 6978 1476 2085 3706 6445 7101 3374 5737 1452 9283 82 5164 1855 4629 4612 1627 836 6977 9190 3208 8107 4521 5716 
58 8685 4500 2638 7482 728 5408 9989 9438 505 8724 2648 8529 8465 3061 
59 443 5483 6913 5406 5217 5109 1476 9616 1310 8793 6910 4320 8247 6716 9938 4559 6918 1220 8570 8649 
60 3932 4951 564 668 6478 7989 9734 5985 3270 5071 8074 3388 9384 7262 9589 2683 9579 
61 412 2630 5775 2128 8663 9013 2858 6095 4801 8259 1904 3673 9837 2512 6810 8060 7364 8049 6280 5993 1430 3241 3657 1696 6400 4401 3227 2342 6170 3173 4680 8911 2293 1923 5861 9264 1588 4626 1570 
62 829 4793 9481 6147 9886 7310 8144 1247 5244 8181 1353 32 4480 6588 6879 3956 4901 
63 4025 9395 820 1775 8828 7008 2660 9493 5538 8298 3641 6940 490 7691 6913 
64 8134 139 3522 2844 7407 1698 9148 4573 2495 7268 2199 2329 10 
65 2114 9931 2058 5401 3079 8146 857 1780 3229 3468 7044 4356 279 4232 4037 9313 8522 1546 5557 9982 552 3762 9795 3691 9544 9793 2802 8520 169 9652 4457 
66 3847 1 6793 2438 5441 9745 304 9494 1272 7681 2205 5637 3107 
67 5748 2847 116 1633 7056 6523 5027 7504 4906 8196 4484 7237 5799 4441 5801 7692 7397 2760 2019 
68 8022 5189 9609 8336 400 1696 3970 6302 8701 1564 5041 6274 4261 7903 7125 4203 
69 1059 9292 2269 3178 5098 9176 4478 4281 3267 2384 166 2807 4184 9239 8775 
70 4842 319 7965 164 5028 4991 5615 6848 9460 540 6701 9698 3003 789 
71 4341 5899 7234 3089 8775 9649 1638 6324 2856 8124 1705 3268 3539 5228 4007 654 6695 8480 2293 1408 8831 8652 4741 435 3313 7321 8891 1034 3607 
72 700 7885 7177 8337 8214 8263 9387 6103 8052 2088 7574 6907 3633 823 6462 
73 6021 5064 9224 3304 7733 7485 5062 9428 5433 6334 759 3219 1615 8114 4697 603 5430 2811 446 7792 9462 5787 6888 5821 
74 7029 6936 2319 976 5911 8149 3230 3644 1588 7514 1480 3590 546 4847 
75 4610 212 5259 2202 2552 2125 8927 7134 9583 9355 958 9145 833 5335 
76 7296 7579 1169 6408 6960 7203 8927 6257 9341 5906 7702 9802 3109 3555 4271 7014 7399 6625 6807 6280 
77 1984 3836 7517 7864 5386 8484 6285 2480 5543 9480 774 7845 2668 9548 1702 247 3186 7085 7895 4698 7960 554 6883 6567 2466 7045 8224 6861 700 1067 2526 7889 6024 4648 5162 5288 
78 2986 4855 6537 6054 4027 5111 4647 477 3051 1496 1174 8908 6842 5857 5996 9192 7622 2613 2698 5301 9652 5060 5045 9775 4828 8453 5907 8040 9181 1091 1219 7496 4798 5348 4924 7677 6656 5504 
79 8252 2798 6898 5622 2365 8594 5269 9835 8238 3519 3858 6308 7626 8461 9443 
80 9244 3376 8711 5862 955 7641 755 960 9640 5132 2771 1345 3047 1364 1260 9463 6244 5443 9414 5676 1332 7457 3909 489 2982 285 7400 6283 4815 9619 4397 5362 5509 
81 6687 9970 9947 8925 8883 5849 3864 7752 9505 7936 6218 3916 767 6343 4043 6388 4126 1865 6464 8784 2628 7419 133 1186 6374 2923 
82 3739 8278 6789 751 9534 2423 3399 4779 2078 1407 5546 9330 
83 2643 9842 5821 4060 8150 8220 9677 6061 4092 3550 1914 2795 7018 5167 9622 9122 5537 1973 4546 
84 6101 259 9023 5860 4134 7333 4108 5014 2475 6347 4230 3597 2693 329 5758 8812 9004 376 643 372 2464 1948 6551 8342 3637 5459 4985 2744 3590 3235 6937 9426 9273 7597 4966 
85 2368 2648 3199 4418 8502 4581 948 9474 1360 7207 4328 7341 8091 324 
86 2489 5708 7673 1183 7802 3721 7419 5074 5868 5696 4449 3152 3308 439 8401 525 
87 9007 5307 6044 3316 6082 5248 6141 7968 3285 8841 4923 3720 3243 6424 2109 2518 8146 4354 5857 385 133 2192 3305 8507 7513 9735 6409 4245 219 2496 8304 8362 5406 5523 5907 5589 8798 8371 5593 6143 5044 3755 145 
88 5412 412 5862 5326 1601 7087 4959 496 524 660 3932 6699 2486 6610 917 9800 5948 1465 9132 7392 668 3101 2203 4815 4203 8306 5441 6254 2299 7541 5044 1277 8021 6332 1683 465 3236 
89 7331 790 931 6802 2468 235 9235 3434 1644 2532 4943 5773 7006 406 3604 668 
90 65 2976 3416 1992 1817 8914 9763 8719 2644 7121 4005 5746 
91 8193 9139 7713 949 8756 6001 2757 4249 5207 394 33 9953 8296 4423 4324 3743 9885 9770 4132 9398 8688 5242 5145 8169 
92 5326 5053 9731 867 105 6236 952 726 5477 930 3547 8894 1112 7769 8405 7321 6838 2411 5373 8977 3425 8681 6070 9712 2640 7671 3610 276 7284 9377 7889 
93 6458 7481 6331 8174 7610 3573 9719 5470 2051 364 201 3650 4096 3490 7533 8058 
94 8284 7710 9032 108 3612 2897 467 2711 9233 6867 3054 7082 8309 545 6651 2247 6143 8384 4313 2018 708 4522 667 2761 7956 
95 9314 1980 4026 5153 9183 9700 988 323 428 7241 8266 1066 
96 7650 2723 7914 7256 5415 1061 5311 9168 4132 893 1124 
97 3758 758 3677 2211 2939 5106 2319 928 5863 6105 713 5556 5678 5098 4218 3061 9230 
98 4463 9330 3095 6960 8290 7116 6581 3174 5061 4813 5110 7596 3024 1679 6010 9539 3755 1457 673 
99 1252 6196 4209 7851 8592 3807 9710 140 9676 5223 1098 2906 1769 4859 9416 404 6712 
100 9545 325 8693 5504 3117 6415 3539 9463 7202 738 9794 8319 7173 6163 1478 4702 3260 7664 4857 4031 4530 6460 4286 9256 7568 
101 9301 4728 5341 7001 2322 3784 2902 6920 2817 7684 9645 6532 7018 4414 8989 9332 5894 3447 4695 5257 8887 8789 7447 8270 120 8977 3579 4342 3901 5541 1405 
102 6101 6465 937 9248 8702 8205 3984 8329 3325 2333 6605 3003 6192 5823 1182 7066 6785 
103 9845 7495 1838 3208 4459 9893 9344 8666 4577 2148 1826 1538 
104 8431 4765 7795 2583 2943 2413 5304 3541 6028 9032 541 866 8008 4311 7553 4907 5783 3241 5639 8487 6292 8583 2465 3704 4670 3561 7007 2546 3356 6385 7829 2342 6409 9931 2692 518 5746 3963 4537 7365 7302 1328 1651 687 2260 5566 6899 6305 7694 
105 7429 7285 1145 6608 9040 7456 6060 4004 6982 8797 2345 3842 4093 4893 9633 5400 6855 2696 5884 8770 5742 5166 4847 5716 7116 4698 4493 3453 8361 5280 2990 3456 9593 3330 3025 1457 7198 
106 1668 8487 2182 7204 1871 3513 205 7542 420 5942 7361 7233 6262 876 7476 6650 1800 8176 842 5630 2449 3066 7291 358 7564 6490 8706 1615 2787 5466 4572 8814 3937 
107 1774 6082 4170 2857 3630 3835 6652 5670 4444 9186 5981 3046 6580 2050 5050 9517 1463 5370 3009 5387 3363 
108 6534 4901 8212 8145 7545 7252 3073 6875 7085 30 1025 3869 3937 952 9993 1137 977 8015 5407 695 834 4212 2806 8753 3225 9323 738 8092 1327 4866 729 4586 9271 1610 639 1901 7579 960 8344 
109 8005 2892 2480 7204 7474 9551 991 8685 860 4749 8930 9425 9120 9918 9381 517 3802 5434 7860 7045 1888 8918 7142 6636 7677 6234 1085 5536 223 1569 
110 8043 5993 1401 6737 4091 5500 4520 1850 8748 7747 5293 6990 5151 6774 2549 4274 3763 7228 4579 8452 3875 
111 3427 7367 2321 3238 9815 883 7082 5593 25 1255 3813 7772 5525 553 1457 2454 7807 56 7108 5816 6123 4707 9623 6496 
112 2121 7013 7213 9822 8157 132 4504 5925 6377 9487 1569 7961 111 6997 4873 6303 8622 1848 6560 6619 4857 6343 6847 715 1912 
113 7240 9003 5339 1260 4928 9008 2569 8259 7254 8816 1439 6731 3049 1227 4720 1900 9722 8102 2294 8751 1477 2263 33 2077 2808 1501 9780 6192 1898 
114 2898 860 6324 7833 1752 5132 5129 5494 7459 8234 9581 1377 819 3975 4223 2808 9090 6968 8709 9678 8037 9411 
115 6528 9349 3537 7511 4886 2857 5553 9822 3022 1711 9027 3135 2396 2028 8692 9510 3036 3843 6062 7261 2344 4054 3797 6367 9920 2444 9932 3524 2639 5698 
116 5594 9176 1049 1880 6190 4428 3193 8530 104 9284 1910 3671 7147 
117 9842 7296 4341 5783 4561 9654 4752 5149 7126 8982 3453 1510 7369 5630 1354 8912 9871 5443 2966 4602 3013 8574 1402 8683 5030 6190 8660 5567 1978 2476 8355 1009 
118 8933 6497 8853 9736 389 2252 6578 5120 4690 3309 9423 1505 358 
119 4539 8829 8460 8552 5407 2179 3016 1935 2568 9543 7984 4776 9412 5536 873 1000 44 9878 9055 
120 1079 5397 7320 5043 643 872 8723 3520 6352 3468 5875 9804 7365 8888 6057 6942 6641 6905 3515 7491 4309 3578 8949 9293 
121 3316 238 7949 7710 5767 912 24 1615 5597 4975 8320 7886 1060 3708 145 271 1586 9408 3397 2095 2778 9576 
122 7849 9333 5824 3411 3683 1477 530 8892 4375 919 1954 8904 
123 2771 9254 3629 304 2612 7728 5052 5438 1086 3167 6865 908 3997 5154 3804 411 6050 9908 
124 352 6584 3602 2875 3914 5029 1560 8512 1348 6331 4957 6424 6621 850 1391 7771 7787 6141 6359 5245 2537 8696 5668 8218 6588 7706 2598 8251 7304 9238 9144 5655 6323 6421 4606 7048 4444 1301 6311 1271 7336 7673 2342 9351 8077 
125 3103 1058 4377 552 3240 7629 8307 5548 5239 7085 8844 246 3363 3125 2900 6161 2085 5150 1734 7439 7233 5910 5933 1593 8816 9172 8109 9260 4106 4420 3305 2613 4966 5867 9259 9409 6999 4727 4346 9080 1942 8883 7822 4717 6584 
126 6170 6770 5329 1959 1813 4172 5751 6448 2093 1587 2961 4182 6686 7205 
127 1668 4170 2414 2518 8848 7630 2192 9050 108 2847 971 8030 2970 6460 8267 9273 4021 4007 574 7178 2342 5483 7618 5471 8503 3254 9325 5138 4580 2865 3493 783 7033 9885 9255 9094 3364 871 9826 2158 
128 7001 6980 8257 2150 4043 4514 8827 2882 7962 4220 8357 4571 8402 553 3458 9616 7591 
129 2 3352 9256 4757 7154 5101 6742 5521 1879 2700 448 8132 4207 6020 
130 8205 9080 2424 4641 3751 9668 1007 7422 4896 2890 7160 4051 6139 8790 1396 8026 2220 2000 3285 
131 1299 6054 8431 7 7456 5063 9731 8423 8887 5654 8055 5155 4260 5531 1101 3510 8362 5831 3336 1077 2232 5054 5126 1436 9911 5875 863 9798 5804 2598 7480 69 3513 
132 8976 7854 5978 7663 7691 7609 100 3715 19 8906 4206 
133 9848 6258 7709 1105 3050 2413 4091 6829 6970 6001 7072 1583 9605 5704 5519 6412 6838 3425 4432 7463 9786 5269 9862 7487 3429 6237 6351 
134 1763 867 6423 352 220 8702 4150 3495 6681 356 5124 7848 284 3214 9501 9015 4481 5264 7212 9317 8090 8071 887 7932 
135 3877 7880 6771 4060 7922 9169 6631 3958 1948 1583 6815 2866 7259 6623 4300 6525 786 6772 5468 7813 8476 6229 5321 1806 3433 1550 3356 
136 6327 8439 5019 4888 1523 5755 4880 5913 3098 7127 1016 6732 2353 605 5749 1010 2283 665 5993 
137 8293 8462 3395 5072 7852 5341 4884 4760 663 1248 2792 6437 8807 6853 8977 5045 4342 2308 7808 4039 1336 5456 6048 6301 3252 2947 4222 
138 9197 7240 4948 5053 7669 8185 3981 8896 2136 2927 7162 7252 2003 9655 3186 9352 9498 1060 5201 9965 7041 6274 1153 5788 4056 2125 8858 413 3831 930 2315 4106 7422 8985 6893 7998 9215 
139 8062 3700 2198 3723 2232 1323 7336 2319 652 4148 868 4507 8598 8699 5913 112 784 6069 5481 380 4031 8964 4913 
140 7912 3976 5490 8514 8272 5395 512 2043 2105 5296 2984 9969 896 
141 2121 1625 7055 7919 5553 4828 3238 9735 6680 3465 9741 2191 8852 9249 7115 640 5798 1469 9884 2532 4884 3018 8709 4334 
142 4340 7575 910 1479 5230 3164 9742 5062 7373 4450 1966 7344 2717 4150 9175 794 5208 6598 5157 8661 295 
143 3379 8043 9607 6895 4362 7569 2404 2774 6355 6615 7304 4345 6817 3172 5211 4299 1452 9583 9056 2179 6918 4816 4175 2893 7556 3099 4984 822 7085 
144 8121 4350 2161 8089 8074 8677 9332 122 6405 8996 6947 7894 5089 748 6425 225 1791 
145 6692 1383 3232 183 2422 2537 9518 3383 9540 9347 9395 8329 2876 9159 9124 3690 5840 7599 3497 9602 2543 8282 2188 2030 6175 5743 2651 8894 1055 
146 5515 7970 2112 55 4358 8837 4737 8360 3831 3656 3799 8410 1273 1674 613 2194 4971 5702 
147 9370 1264 3008 6429 2907 1425 1762 6267 4924 8251 8054 8595 532 5350 9807 4084 
148 7153 745 3023 6584 4423 9120 4056 4971 6631 8880 3064 8814 4804 4970 1734 8986 1366 3095 5234 1276 9309 3683 2096 9816 6140 3772 1380 1610 4975 6516 3840 1930 
149 6054 2439 4886 7744 3053 2897 9385 9031 1940 5507 2247 6883 1685 5418 5391 966 3562 4954 1411 9384 4179 8766 6104 172 4362 5866 
150 4531 9852 6744 6216 5788 9205 3089 4843 6931 1933 9499 5390 8652 1368 9359 465 8471 8989 9194 734 5623 6578 4065 1473 8531 8841 
151 4741 9044 1344 4266 4744 7183 1867 142 4726 2236 3042 7903 955 
152 2155 9139 4664 1868 9908 776 7615 7786 9025 1515 2611 6650 7820 670 8634 6137 3507 2589 5117 1642 5609 9621 6320 930 7952 1665 3056 804 5385 697 5230 9236 2879 4755 7893 1859 1319 
153 4156 5815 1395 3657 850 9872 67 9771 504 6583 7621 830 5825 3410 697 3876 6369 
154 7874 9795 9787 5810 1930 5838 3529 4009 3385 6694 508 7566 8412 4109 4938 5901 7234 
155 8193 4107 4400 8600 8982 1153 3051 9764 145 5855 4627 8980 8371 6924 4080 8773 3134 3683 8526 9500 9039 1330 271 6928 
156 569 4377 6270 2983 7105 4988 7162 647 1904 7439 5254 425 3567 8484 4302 3102 2171 9751 2895 6067 1542 3841 8918 3262 13 575 7405 9677 8172 8224 3149 8815 1241 2741 9523 4866 3703 1307 4879 9464 
157 8340 5061 9141 3808 8473 287 482 2373 4762 7854 3033 8230 6065 9749 1167 
158 7759 6020 7992 9043 1375 6772 813 2212 2774 3547 3380 4494 687 1570 4056 7335 5477 8552 695 7405 4104 2994 559 8668 6875 9689 6914 6677 2499 72 1441 3705 182 5502 90 
159 8722 7219 6447 4079 8920 1898 6511 3164 1154 5026 7082 9097 1478 3988 5426 8803 52 4513 9541 1064 6946 
160 4765 399 2100 3303 2951 1613 1478 5566 2753 5721 3233 1377 8870 5335 9060 1471 9332 6840 5180 3845 5647 3060 3049 6269 
161 8406 9545 6458 8062 3700 2005 267 3073 7756 3865 7922 8599 188 6385 9464 9623 3331 3723 4622 2458 828 8251 332 5318 4401 9995 2577 5292 9704 6423 3916 7138 7834 9206 4586 4414 4925 9692 1789 5817 5240 102 1562 7053 
162 3173 6726 8433 2661 1234 1695 9846 3949 2325 1261 13 6219 1958 271 2377 7179 
163 3830 7133 84 105 300 7579 9129 2589 1791 8910 9979 7318 272 7938 8119 8780 1032 379 2401 4548 8583 8403 8736 8275 9844 2712 9791 6445 
164 486 5685 4566 4666 3516 2838 5544 3843 8051 725 4940 
165 7949 7133 9979 4071 2426 7439 8580 1252 9265 9991 5095 5397 6503 3326 4941 5583 9806 4780 9144 1736 9259 9031 7163 4433 3820 3493 2057 3989 2781 1799 9697 7323 9478 8698 8154 3581 355 8706 1522 7833 5501 
166 7473 1412 2915 4342 9336 6979 3322 2998 5843 5861 7228 9917 2366 6089 3073 
167 254 4893 3956 2115 8620 3855 5714 4723 8360 4687 704 8012 6752 762 
168 4901 183 9453 6470 6306 753 1731 3586 1071 9723 9709 4959 9428 7392 9374 7598 1839 3434 3819 6502 8060 336 2256 2764 3700 2988 9746 9755 4033 2811 2954 7013 7622 140 7930 1176 8450 
169 2643 9075 9129 9224 6692 139 2773 8227 6920 5580 4784 6676 3064 2100 8145 5742 8022 1916 232 8782 9775 6186 1920 4636 2679 765 1113 9141 9829 206 9716 1933 910 3233 5803 5889 7210 
170 1668 476 2349 8907 3827 2752 6834 3637 4470 2160 8967 9632 6226 4824 4777 8787 4916 2559 3549 5666 110 3391 9633 7679 4173 
171 2307 4819 1850 28 4087 5040 2844 2621 8477 5034 8981 3863 9369 720 
172 5838 5457 9594 3491 5794 175 9418 633 9442 757 5520 3948 6859 884 6543 3642 6711 6130 5756 3784 
173 9270 7629 188 2150 901 8210 2486 7050 5946 4070 6321 8612 2123 3101 676 2917 3871 4541 5429 8885 7789 8966 9096 6515 8342 6790 1500 703 1153 8140 4400 
174 9449 1661 5317 2925 2649 505 4569 1039 6850 1327 1805 5074 4478 5351 
175 321 9461 2260 5909 784 307 3051 8858 3748 6362 9192 4431 9083 3481 4873 2932 4689 3134 7197 3151 6463 8516 8795 3568 3178 
176 6141 8832 4626 367 9885 6615 8787 8245 4739 2143 7513 1041 8377 3403 6952 3164 4720 3588 559 8862 2998 1565 2429 
177 4234 5909 8859 6812 6699 2923 6738 8795 3250 303 9628 1093 4938 2975 1437 6498 7864 
178 6049 116 1150 1106 7123 6715 4695 8973 521 8747 2235 3741 9926 1422 4597 3341 786 
179 199 7147 8969 7038 1508 9707 7180 8610 1093 3994 9340 2701 4078 7179 2761 2951 
180 4035 7077 8507 2198 796 1846 2910 5178 3679 5700 5896 5638 6193 8658 600 5358 5525 8655 4241 8634 303 7560 8968 18 7842 
181 3651 950 1130 8533 3718 5831 456 9825 4264 170 8587 1292 777 6358 2618 8568 6722 3633 4558 
182 3792 8580 4962 4801 5662 3880 7350 9624 2568 3508 6186 5190 2889 1153 8738 5096 9149 5152 3002 7400 6652 
183 1555 755 5548 4294 6729 5429 1912 3453 989 7956 8242 69 1955 51 1232 2804 7449 6283 2992 3245 
184 3894 1984 6134 2414 3119 8188 4567 4661 8939 9957 6701 3540 4529 5433 4805 2661 7975 3110 8754 7754 4755 9563 7668 7851 2549 4692 7556 283 397 9260 
185 6331 4957 6219 9080 3255 7682 7323 7745 9587 9317 8867 3344 8391 6033 1834 527 
186 3074 9848 2327 2904 3316 1149 9659 9270 6270 3720 8599 7820 5543 9758 5656 5783 5492 5090 1542 1083 9215 2113 6269 5413 2060 8651 6810 5849 3331 4081 1737 1728 9777 8392 5609 6415 9666 8552 5948 6218 8686 6334 2320 4002 8776 1137 6197 7276 1800 6718 7615 
187 2327 6453 9187 9368 1103 6151 1586 1423 2968 6724 9207 3418 5574 6117 5772 
188 2240 1979 1238 8235 3905 4526 8169 5193 6625 2085 8934 5457 469 8693 971 5572 4367 5143 7347 6696 9211 1366 5925 2818 2029 5429 6860 5294 9755 8829 3374 3806 9704 5373 9713 8723 1941 4730 5690 5798 2698 
189 2744 9706 1097 1072 9319 1707 7601 8023 7552 2135 671 9175 5003 
190 1984 9075 9374 412 5677 951 8269 3172 7486 7684 6374 8900 468 4822 1454 9083 787 9085 7126 7409 1142 4416 7881 6576 8177 936 3864 1848 9359 7747 783 9337 937 
191 8966 771 3349 4575 3460 5787 2071 1147 8041 128 6241 4736 5379 3801 
192 7120 1657 8609 7026 8053 5871 3870 5768 3006 2513 8713 1711 58 551 2740 1464 4843 8816 4106 9712 3007 4710 3355 2570 112 1794 3425 3601 3946 4845 4277 2476 
193 3032 6258 9374 5775 1763 3207 3053 1227 7151 2014 8698 4959 5349 279 1066 4407 1442 9026 2647 7072 597 4047 7391 2915 208 8986 2398 1369 3265 1740 583 2847 
194 3877 5351 6991 8002 9836 1484 3437 4456 3384 6728 9423 9675 4220 9025 
195 1793 6627 7932 2008 3609 3581 4036 8203 1982 7498 8428 5115 2565 8786 8945 6236 
196 4199 8711 1091 4027 4034 7087 437 405 9205 4709 9580 5359 956 2165 9295 6924 9635 5632 5793 4236 4693 8167 2516 9661 3263 1867 9990 771 5810 640 
197 5869 4909 2704 8830 6920 5451 1784 1348 9444 7049 6899 3533 5359 4104 7694 1852 6739 9476 2060 7786 9604 691 2745 3553 9638 9805 6699 5901 4541 1845 639 7720 6617 4912 5840 4192 4607 1781 
198 6296 1831 340 1638 7213 1310 2376 7698 7779 9030 1806 2674 9109 7397 8549 4532 9923 3410 6671 8218 
199 6676 6191 1073 5632 2663 6905 8457 7558 3461 8587 480 2026 
200 79 6827 8498 8671 4134 8776 7874 9637 475 541 6610 7602 2752 2617 5097 2951 7012 9901 7740 2164 8583 3582 2633 8842 131 3241 4745 145 6525 8870 7452 2945 7737 9098 5409 3371 476 
201 6258 1343 2013 4639 9836 1043 9451 9510 2739 7888 8055 9740 5746 9253 6057 5277 1373 8816 488 6640 9217 4532 7672 6667 702 3528 574 
202 431 5863 2245 6291 1741 5585 608 4900 6221 4306 7884 5800 
203 3958 5607 4878 5660 8836 1923 6476 3008 6266 6272 7943 4268 1830 2522 1743 9364 
204 8293 7088 3395 1611 2064 2003 5457 90 7771 7569 6298 9083 7318 3114 9248 8387 6412 1661 365 3784 4455 1471 2591 5384 7753 6916 3417 4029 5 1276 
205 6812 1415 4667 6759 7821 3689 2896 633 9839 9676 8749 5199 5687 7254 
206 1799 5702 8055 722 3447 5474 5581 3582 8843 4919 4486 2580 6575 3323 4934 5454 817 1731 
207 2929 663 6833 3405 8881 4692 585 9330 1323 1918 1845 2483 1589 5534 2295 4413 4429 1987 5034 6230 1144 4614 8978 
208 6176 533 3786 837 5351 9446 149 7227 1347 8264 817 2768 
209 9930 5451 9600 7200 5462 7314 4719 6750 259 7630 1859 5085 1581 6269 4962 9010 3999 1962 2570 9684 6530 9640 2887 8113 5992 4929 5734 5343 1791 1939 7087 
210 2412 2809 6954 4886 8753 5421 8234 8954 8967 8864 1959 701 4745 8658 1162 3127 4077 4788 
211 3584 2437 732 7545 8017 7349 9323 7233 8257 794 3486 5009 9732 9149 2417 535 6541 8301 970 9691 223 3376 
212 2844 1847 4266 4807 6674 7108 2101 6939 175 3202 4237 4459 9397 2037 726 
213 3651 2299 8156 9101 4028 3966 2004 255 7383 9266 5596 9321 4943 
214 9867 9645 5449 9223 5444 3360 8705 8265 823 9433 1120 3204 6999 8658 
215 6565 1651 7224 6934 421 2645 1652 4949 3990 5055 8712 518 
216 2113 1737 1192 4300 2616 9041 6365 5700 2373 2730 4191 9435 9674 5868 1233 5182 218 
217 5412 1979 7133 1871 7806 1750 2858 8248 2349 4269 3561 3752 2651 1164 295 1833 9684 7419 7289 9048 6699 9892 6188 1962 8221 8106 1071 6225 9485 494 5060 8570 6175 1031 5534 9997 5145 3456 8702 4937 1869 
218 79 3602 7864 8498 9008 3509 7254 550 1950 8235 8284 9014 1396 176 9380 5710 7570 4823 5961 9409 5797 7064 7029 7425 944 1581 5408 4610 501 4669 3538 7110 3210 3804 5082 7057 
219 3144 7355 2304 2538 7007 1702 1686 3163 2924 4572 1049 9538 8296 1310 5300 9584 6915 9111 4033 7024 2077 2974 
220 9075 6134 2666 843 3004 4528 625 6931 707 7952 2994 5367 4944 4798 6705 613 2546 1775 1770 3119 1809 4882 2313 9627 5065 7192 8532 
221 4199 5064 6827 352 4884 3363 2109 7919 6187 2346 3230 3781 5797 5295 9609 5212 1098 14 1337 5048 4491 4100 7207 6401 691 6417 7431 3554 1821 8920 
222 205 838 9219 6060 3757 1611 5898 3081 3750 726 7361 6355 1195 1642 9197 5989 4354 8049 8712 1281 4977 616 6295 1065 9565 756 1250 6979 7639 1730 3328 
223 5442 5856 8849 6221 3266 353 9264 8549 4386 2187 8260 1260 
224 79 6613 8491 4985 3023 6465 2264 4786 7280 4326 5304 9903 1429 2175 3079 325 1728 955 8863 2603 2274 9979 7396 6070 1963 3664 7568 8649 7467 4974 7602 3007 2147 8146 7950 5301 3 3403 9293 8581 413 2633 1920 467 5172 8089 3262 9181 
225 1454 1731 2175 9518 6428 3935 687 3923 8014 8938 6768 5258 1205 4989 3779 7101 7616 9231 7341 6558 4939 3638 3743 9764 2650 
226 8644 7438 5156 6281 5090 6922 742 7811 872 6385 4567 5674 3468 7752 3889 2266 8712 9357 5286 77 202 7137 5893 1422 6851 6993 6774 7259 
227 6360 5767 8069 1066 1822 8600 3533 9757 2932 9470 2810 6460 7191 7243 858 5211 4333 8605 8040 5910 4925 5501 5164 441 2798 4771 1213 548 666 1083 5033 5345 8333 
228 6614 7299 6818 6393 9153 7159 3348 4197 2282 7770 5026 
229 8994 6030 3103 6938 9731 4786 5788 7710 7044 557 8450 3752 6903 6698 8932 8539 7938 110 7670 2784 5794 7040 1858 1276 8441 2223 4470 4797 5192 8179 8891 6414 699 4580 8809 157 4260 
230 4020 4457 2160 287 2516 4505 5647 2788 4379 1847 3687 1747 8365 5189 3005 6089 2553 
231 7575 7240 4377 8209 6428 2943 3006 2346 9713 8907 3731 3827 4151 8728 2601 3707 8189 7369 1140 622 5980 7136 5660 9352 1141 8685 9936 5638 8891 1081 798 3013 1352 7260 6924 7247 5124 7433 6369 6565 2600 
232 352 9197 2643 3032 2340 6101 1934 8104 9043 523 5772 9878 5526 9330 6201 1253 8612 193 2722 9113 2957 8635 4764 1721 3629 
233 84 776 2414 1552 3326 5295 8169 5387 4828 3374 6592 2343 6362 118 285 1246 6160 2369 1992 8494 2236 8207 6484 304 6187 
234 6635 2630 8794 4660 1784 5193 1145 3521 8248 3586 5149 5895 2867 6351 7586 2856 8150 3331 8145 4313 2902 4692 867 7072 2184 8998 1929 1918 9040 8142 2298 8927 9087 1414 2176 8049 2746 673 3120 3700 4596 950 8220 5178 4077 1741 
235 1796 2036 330 4529 1315 9163 3740 6941 2444 4389 9065 6975 5302 7715 6154 3397 7092 5019 2651 
236 4898 8067 5969 5356 4837 2634 54 1482 466 411 1230 1342 1086 
237 5097 1252 2662 2732 3665 5095 865 9496 1009 9192 7392 5547 3044 501 7549 7769 5732 9357 4858 7075 2271 5388 8701 2446 2376 7027 
238 4567 4173 3967 9090 2008 7585 9786 9296 3580 3918 3341 9180 9921 1690 5253 
239 5715 300 8307 6061 4437 7861 5752 4060 545 8776 8856 1495 7630 8935 4699 8990 5474 5333 5482 7777 3669 8862 2647 7316 9591 9716 7183 7862 3909 5329 2867 
240 1667 646 7238 5888 5103 6849 5770 4127 5738 1067 4486 1092 3157 8085 6636 
241 6360 3343 8900 4494 3965 5555 3681 6282 2603 5867 1264 9753 5569 9821 4843 232 5481 8813 9656 151 7197 7013 8874 
242 1056 5738 2505 120 4574 7621 9618 966 9275 8712 4625 8366 4226 6979 3821 3537 
243 5412 7751 5260 6550 3028 8871 778 8815 1806 6213 5272 927 6038 8139 9295 6664 4203 
244 7251 2117 889 5497 7477 2946 2433 7000 8965 689 19 6026 4143 4963 5946 7467 
245 2426 3303 1963 3820 3319 767 6915 6519 6821 7332 6830 1796 9613 5751 1573 8377 
246 6381 9770 7099 9356 4297 5296 7247 2729 2324 9728 5984 6991 3532 122 9248 208 
247 310 214 3084 8220 1832 9507 2621 9876 7983 3353 5117 8302 6694 1670 1058 
248 8212 5386 1647 4971 5846 4160 969 1564 5360 9723 826 5035 7498 7550 6233 662 8918 2016 
249 4045 1391 2274 1079 4616 4520 4189 1678 9177 9771 983 7798 6042 3583 1447 1533 2491 4870 
250 7732 9453 3427 3043 7367 1900 1942 5088 9576 858 9281 1498 2032 895 8632 3117 257 6594 6148 2295 6417 3766 7059 6463 4240 6727 5580 
251 925 477 2407 901 1916 916 7811 5308 8851 3621 1183 7324 3696 3717 3087 8231 2531 8733 1986 1877 3731 
252 4531 5917 6672 2480 4234 6528 6099 9496 4528 1293 8081 5462 190 4709 4093 8579 372 3363 6370 7754 4238 5247 4643 7747 9063 4239 1761 5785 5031 1306 8414 
253 7940 7800 671 5169 6205 1812 4099 8463 8590 3737 7050 
254 2968 7708 7501 6799 2540 7086 3530 7746 1181 4597 3832 3560 5342 5317 3275 9351 
255 2175 8685 457 4378 3190 4591 1850 9621 4628 1932 9162 9522 2029 9742 7325 7526 7442 5621 178 4369 7009 9481 2431 835 
256 6672 9669 9677 3113 3961 1164 7653 438 6499 7039 7457 425 5365 8593 6473 714 1004 5825 6618 4271 9527 5704 1682 8419 3140 4361 8302 
257 3894 3163 7413 5437 2128 4176 8830 2322 876 5212 5339 560 6454 4317 6698 7659 6046 3106 1512 5821 1665 7200 759 9478 8856 8109 5389 9162 9467 9831 9803 5111 9187 8807 4348 4077 1345 2871 2696 4627 8532 368 2898 4622 9820 6492 
258 8125 4558 7950 1510 9436 1139 1912 8309 4216 4997 5998 1533 1297 6042 215 7172 6019 8693 8294 4729 9306 9302 3545 
259 5507 7266 7782 5053 4539 9955 1552 6748 2212 1154 1555 6343 3454 730 7647 3496 7998 6022 5654 410 8949 7622 8572 8456 4238 804 8133 881 234 9348 451 7829 
260 7643 8700 1344 7846 1367 8440 150 249 8505 5554 6541 7344 1583 2433 376 
261 847 9086 8907 4222 2595 3827 5295 7216 6705 2444 9283 1020 3653 5771 7737 1436 3897 3222 8949 324 3188 5560 2728 7858 3736 1222 2066 
262 4614 2782 9451 3079 9723 9907 432 8260 2375 4403 5417 5086 4763 6524 7479 1351 
263 925 6200 9823 3977 2099 9019 6691 1639 8408 2112 7964 232 8556 4539 
264 7077 6153 1176 6869 1566 8312 3242 1499 1776 8299 2297 1360 2883 5208 7110 251 
265 5335 2456 9874 4228 7574 992 7921 8147 9202 4832 4144 970 3020 9138 
266 3894 8068 4399 7105 527 3507 2322 3393 7267 3498 3394 9130 2978 8879 3588 8653 7276 2054 9712 7986 5166 9818 
267 2962 8532 1917 5773 3670 9444 7961 2544 2463 3747 4193 1297 6608 3743 1556 4677 4798 7951 6933 8243 
268 8269 2539 4336 1081 1463 2655 6735 5529 5126 1179 1398 9494 9125 1628 
269 6404 420 1657 4626 3751 2876 2783 8306 2736 6062 1004 2454 159 9433 9681 2335 2799 3344 9327 9418 2597 526 1797 6844 
270 6685 5007 1954 455 8411 1510 3643 462 7516 8781 2926 3487 6451 9947 
271 1125 4967 8343 5175 4501 2412 6301 4520 6324 7607 1987 1195 1566 8686 272 8183 9398 4047 5409 6326 7458 2499 4733 9414 34 9549 7173 1253 758 9073 
272 949 8130 2001 6698 5777 7243 6354 3081 4280 8970 2150 8180 8008 2679 6369 3101 30 3783 3086 9371 5514 6248 1063 1782 5287 5826 
273 2483 90 2680 5113 5929 5330 5384 6414 5367 4938 2102 9370 7474 1829 1262 5171 
274 4020 7519 5696 2462 5552 3226 8854 9089 1064 1623 973 4933 3666 9194 9342 7975 9896 2833 3145 6509 4504 
275 1026 1293 6024 8889 322 6290 8331 8824 3702 7187 8659 9198 8286 2373 8862 8570 8708 755 
276 1534 4311 6196 7481 88 8687 6390 7948 3801 2184 2239 934 3120 716 1129 2681 3832 2185 4481 1119 805 698 7590 5402 4604 7185 84 
277 2013 8907 583 5097 8883 2183 7178 3195 2970 3043 6336 9843 8102 6731 6119 7054 4707 4240 7541 6543 2868 7585 9379 8701 8729 6836 
278 1937 3661 9045 5278 7613 478 7489 8523 5303 7395 3494 3856 6375 1413 7563 9593 
279 1343 9301 4311 2182 9199 4362 135 4558 4801 1611 1942 8428 1043 3022 8345 842 2002 4695 8533 7553 7183 7720 7291 5416 2165 4842 4224 4086 3121 2543 9354 7244 4306 3314 8419 9252 8936 5072 
280 8994 8134 4377 2409 3304 4928 6464 8713 3789 4517 9965 8528 7252 7984 5802 9751 7856 4021 8574 6921 7063 7253 6053 4361 9523 6421 3263 4054 9558 4880 3215 7657 5899 
281 1121 9244 7252 3509 7751 177 9800 8414 3409 7742 2837 239 4948 8870 3880 1056 1721 6952 1425 6869 8478 4802 9381 5155 9886 4258 4807 3779 2578 9187 
282 182 4202 4242 3872 6116 8198 2872 6364 5564 6998 2144 7209 7686 340 8484 
283 8794 3032 8716 75 8726 7060 1988 5936 7921 3213 3330 6490 6709 9781 8586 728 8095 796 
284 238 450 4907 3326 3875 372 9385 6555 756 5019 3291 8148 6617 1310 765 8747 6468 5659 6766 2827 7524 6855 
285 5848 4824 5043 898 2232 8524 9719 9671 989 9174 5434 8985 4641 2120 8673 2341 2144 6070 3762 4252 9657 6223 9247 9877 1307 
286 8352 2212 9362 9667 965 4063 5109 2465 8243 2111 507 5406 9338 891 2106 9889 6923 1174 
287 7762 8005 6967 5446 673 921 397 6797 1770 1680 910 2828 6024 3465 9619 9047 7435 5117 8335 7504 1044 5023 4324 3199 2490 3431 2877 
288 3376 1401 3432 9273 2551 7370 9393 5905 2542 3745 6501 9636 3722 5436 2462 7602 
289 647 8794 3297 8028 648 3365 5374 7836 8997 9403 3686 3277 3886 8097 
290 5762 2537 9510 5885 9036 2617 3225 9206 9315 3336 4939 2275 9493 2634 648 9296 1666 3557 6122 1461 6230 7227 9601 420 
291 2426 7206 6630 1164 3081 3231 6960 2982 4921 6364 3122 5209 8878 3352 8683 4671 6500 944 6363 5688 6170 850 
292 8406 9160 6404 1524 8841 6281 5129 7811 5604 2010 946 1116 3429 3292 3593 3694 843 2590 6838 1122 2263 1126 3290 5385 7026 
293 3885 2136 6797 2932 2554 6768 1292 4939 5982 6083 3882 6526 5465 3895 8634 964 7796 6862 8403 2254 7090 5584 2721 7000 
294 5813 5430 3355 1472 1352 7276 683 7939 513 431 6103 8170 8676 2702 2712 8297 7790 4222 2198 
295 6547 4352 9270 5445 9573 3379 5917 7285 8105 1750 6549 782 1607 5029 4400 6376 6790 1145 7787 4890 4134 9014 8332 3498 1728 1799 2608 934 5492 3052 6492 9036 1904 5698 8756 450 6675 1079 3276 5112 8874 8150 3432 9238 4418 8189 9377 6523 9218 6670 3704 3153 4591 2407 4171 9436 5163 
296 9940 1986 1260 376 8078 7459 1157 5294 3052 8894 4431 8455 3154 3914 7141 8290 6650 39 9428 7048 6616 4989 1598 1034 8672 9838 9953 2533 9205 742 
297 4855 9731 5326 7434 3537 3932 6662 1272 5737 5185 1436 9921 9804 3172 4651 489 716 7467 6570 4698 6464 9173 875 8636 8103 7885 1271 
298 8722 4958 3792 3032 6014 3528 3234 7044 2489 2057 5661 5214 2000 6696 9957 6795 9208 4095 2926 5266 9252 270 5004 7807 7860 3151 8710 1572 
299 1299 9733 1101 7426 9735 1452 1631 4788 8258 5369 296 3678 5528 2803 9021 23 7261 3077 3728 7151 
300 5458 5219 780 7193 5386 6060 8987 4168 5636 6326 7048 3135 3812 5979 9837 7706 3312 1265 2474 4002 1133 9433 2401 946 5393 8586 6604 6365 1306 4253 3535 4091 
301 7296 7335 8019 3278 6302 6753 2550 6267 2285 9535 5215 4672 2169 6373 267 
302 5437 7012 3111 105 7874 8883 9990 6920 7333 5810 5580 7790 3823 1025 9169 5656 993 5702 3053 5849 6336 405 6762 3520 9834 8442 4660 7607 5141 6022 9741 3498 1265 1273 6662 2171 8227 7212 3219 3255 2545 7570 1852 9592 7023 7709 7234 
303 1831 4988 6073 5122 8863 7615 9982 4945 4834 1581 3727 3290 7637 3474 9173 9407 5651 1445 8961 7041 2612 1263 4574 5267 2527 
304 732 1731 1289 2533 2109 921 4399 4884 647 7026 9480 9211 3823 663 730 6671 5520 30 7486 6509 863 9632 7304 1762 1101 5384 6891 6962 455 6022 794 1528 2344 151 9348 2729 8908 3545 7549 1118 5815 
305 8306 5670 94 8871 9534 1361 7272 3318 2420 927 3148 2883 804 
306 7883 2892 7545 1571 5645 325 4168 2028 1736 4941 1305 4507 2652 9191 4348 3841 8221 1137 985 3656 8859 9757 7135 1425 2752 3555 6851 234 4879 8304 1439 6839 2305 6798 871 3970 8451 5122 
307 7762 6327 238 7120 4352 7795 5063 9178 3163 5846 1791 5523 6931 4302 5897 2260 1380 6123 6683 5834 9944 9372 2497 2335 8899 2777 1615 7169 3914 
308 937 977 824 1722 8277 9200 9153 7309 1162 3488 1020 1469 3076 8195 
309 83 8838 343 8065 1092 3764 4296 3997 8475 6461 5131 9517 1411 2513 
310 3543 625 9848 2735 1822 6528 8987 6545 399 7191 511 2239 7213 5224 9290 2393 5636 3699 5793 5526 1757 1606 1953 6914 4493 4306 1356 5928 6211 6598 5457 
311 7153 2 2005 3843 3853 5548 408 2325 1048 495 6329 6213 997 3777 4672 1981 45 1242 4423 
312 2604 3998 7960 4359 4110 343 1705 5724 3123 2173 2427 1622 956 4564 406 8838 
313 4340 9903 3104 188 4222 1550 3474 4788 4778 5894 3884 7622 3375 1785 8572 6337 5444 2256 2439 6892 4238 985 9990 7806 1123 
314 9605 2784 2119 1034 1032 7459 9759 641 9512 832 6325 5435 56 2109 
315 5458 2693 9219 6592 4790 5127 5027 8310 9237 2706 1694 9254 7418 5928 3967 
316 7736 9834 4180 2685 5322 3106 2439 1149 4107 8696 6029 6631 527 5997 8325 2146 56 3537 6955 1139 1248 2409 7072 2292 8831 8169 1566 945 5251 3653 5407 6743 8855 4439 8601 933 4583 9911 4546 1790 4905 6018 1464 6416 4317 
317 5368 5912 820 4015 5876 4455 5671 4811 1111 5415 1864 9388 2231 5331 3146 4362 
318 6897 5268 2187 2559 3638 1907 2999 2202 2031 1262 8421 6440 3441 
319 3427 1149 1287 5783 8030 3331 6099 1332 1523 6011 872 3889 7740 2745 6356 164 2149 3926 9241 8592 6512 9316 1037 7399 8800 4065 9325 2652 
320 1871 3958 6802 5286 8934 684 1798 4409 7624 2878 1911 3072 3942 2551 9646 3821 773 2729 8706 2190 6899 4909 
321 2240 2288 4626 9993 5286 3303 3229 1348 5105 8925 2189 4561 1204 6554 4497 9091 1789 2127 5920 6389 393 1360 6105 6212 6015 9416 
322 4958 2668 7454 3748 6153 2923 9940 2278 9646 5192 4946 1123 1888 6197 610 3297 4212 4636 2101 7465 297 9952 6346 5572 5948 5996 
323 6547 7517 2114 3944 221 3432 673 7519 9806 155 557 8121 712 5112 7423 4356 8880 1923 5247 8628 4783 3981 1328 6144 6539 6306 1130 878 4945 6946 168 2326 5800 2855 1443 9367 7607 9711 6511 
324 9007 1105 7713 6458 1934 2533 9347 6347 3567 4230 9555 4063 6261 8414 8581 6844 1465 4178 301 4820 284 9109 4242 5449 1352 3422 5276 730 6306 
325 707 829 6092 9830 3634 7725 9887 6747 6937 8793 4056 2599 1941 7767 9426 3001 8666 4583 
326 8431 3379 3869 8893 8690 7167 3942 5509 1141 8723 3798 6786 8973 606 666 5151 5922 5584 5478 3702 5843 2308 6981 9765 3706 
327 7413 6534 2657 7235 516 1815 396 5319 1634 113 8744 9396 2058 
328 9848 8134 7698 1112 1354 3231 1330 7131 2639 8254 8834 6627 5732 8306 1981 5879 2964 9300 2770 7253 793 
329 3521 2437 6712 719 4967 2184 2978 3195 9485 1579 2123 2842 4730 1741 7350 4342 6861 66 478 1678 487 699 281 2302 3672 3433 330 5827 1401 
330 1319 1080 9212 9460 7407 7814 6489 4776 5200 4950 3242 8555 6092 
331 5067 5873 3998 3267 7693 8732 1059 268 3913 8797 9811 7354 4701 5904 8939 
332 8130 3586 8495 374 4909 9178 1117 3541 9465 3905 719 1831 1934 1149 4442 7744 9933 6216 5896 1628 6074 7193 1323 6244 4245 1031 6416 2895 7634 7347 5088 2737 4102 3631 6842 1295 1177 8748 8239 7409 729 3109 
333 6537 8495 9265 84 374 6687 7179 5003 2100 6608 3801 7956 9169 1538 9029 5636 4645 946 4176 4719 6198 8935 9230 5214 2143 5177 1641 9740 9487 3016 7477 3066 3652 7858 4802 1685 3811 8600 
334 3012 8293 9129 4787 5887 2600 2565 9337 7653 5359 9608 5740 5067 4520 9407 7221 3673 7260 9174 2116 1940 7278 6860 2911 8719 6825 5309 5942 2721 4960 6809 1665 
335 2986 6778 3377 6067 6187 2183 7347 7410 3203 6484 9548 6871 2741 1282 6860 6507 5443 4785 9066 5068 656 1325 6126 5877 7632 3079 
336 7055 838 76 1375 2857 7932 3885 9354 2304 726 9580 4214 8931 247 200 7434 9219 5500 9898 6374 7895 1339 9261 232 601 7054 2307 9139 9114 9846 6928 6421 2201 2513 7780 7302 4727 1779 2491 8392 9555 5271 4884 
337 9124 9745 2889 4723 4325 2465 4025 8162 7342 3623 7772 3538 4467 9379 8478 
338 2340 7429 1647 9565 4606 5898 3343 6671 8049 4988 7570 7037 7604 8221 3195 9892 8681 7069 2866 554 8938 6717 6867 9377 8029 7965 18 6148 9362 6048 7972 349 2266 511 
339 1343 9032 8210 6588 6226 9476 708 6843 7965 5338 4170 6087 1785 2999 5533 713 1368 2079 5690 3105 9955 
340 2340 4314 4341 1763 8841 552 6391 4269 4765 6829 1869 246 1293 9435 670 3666 731 5534 8405 1075 7447 2465 4731 4972 4493 78 9315 674 3188 2713 
341 7448 9869 1370 7454 5615 243 9984 1455 8350 6124 6375 3489 8468 4024 1461 
342 8488 2186 2418 8483 2936 734 3526 6579 6956 5280 2552 
343 7949 3074 3982 3032 3885 8498 5860 3703 9014 4399 6470 8068 4624 5054 652 1140 8363 1860 7688 8022 2698 1774 2203 6978 9667 3837 8887 4277 4966 1206 2739 7423 3553 9807 3319 3631 9255 3220 1884 7684 8713 6521 283 
344 4901 3758 3521 5248 1058 476 2480 776 8396 3513 5898 9465 9688 208 5964 5639 9598 7755 6592 5138 133 6390 2001 2458 1741 8185 6727 4628 5933 131 4159 1097 1231 239 1156 7885 1878 5565 9167 276 1020 8343 
345 5876 1781 2301 381 6602 2007 5587 5200 4590 6526 2387 6815 
346 76 4501 6744 8008 2739 9086 6063 6073 1449 5390 1106 4771 3174 9521 2711 5467 3603 7848 987 8636 8056 5621 9964 1319 7086 6831 4378 528 1476 
347 7732 3316 2569 6281 9991 1625 133 2176 8386 6469 6438 761 2917 6731 7165 1132 609 5834 7293 307 4571 3813 7675 8455 1381 5755 5355 7096 8894 865 
348 9199 6467 1557 707 4501 1868 133 4958 4045 7519 834 7742 3307 528 295 4797 2736 5054 6332 4888 6495 7126 8594 7820 7807 1267 4562 8535 2731 1048 4714 8538 5065 1710 
349 4129 7933 7314 469 8930 6734 1175 3319 3673 7056 686 6844 1192 7739 6859 5519 1697 6702 6434 6983 6155 1521 1041 6747 4907 
350 7652 9467 719 3835 7180 1066 1740 6464 2382 6438 4223 5468 7363 777 8999 6389 4121 1605 3469 2907 4095 
351 9968 427 5880 3836 8671 1125 4326 5869 3113 8512 8484 2670 7474 3795 513 1140 5033 1898 4616 4214 9654 1658 2030 1740 6451 1085 218 9027 7822 6544 3403 8418 1176 3681 4504 9586 7960 6362 8313 8136 6188 6798 5989 3234 3745 6189 1633 
352 9968 6021 6296 1557 4286 8663 7919 6285 3958 9260 8233 5270 8609 1339 7948 4787 1505 4661 7742 9989 2030 3432 2617 88 310 2828 9144 4081 9172 5387 2972 4548 307 8947 6001 4774 6355 2403 8612 2580 8752 4117 5836 8487 
353 3936 7438 4664 6467 8140 3630 3380 250 4345 828 6137 6226 2613 9478 9689 7151 8978 1281 7893 9256 4705 2446 4284 6 8319 2168 616 744 4364 6032 1873 4507 
354 7088 9991 3144 8189 7426 5992 5979 569 6398 6673 2595 1675 1746 6151 6393 4243 4674 1451 4522 6203 7665 6616 
355 948 9862 6843 4080 2391 1945 6215 1426 4411 9102 2285 6078 374 
356 6712 4151 6306 2651 917 7243 1570 3025 2894 4216 4845 4505 5085 837 6129 8714 3506 1608 5872 6530 9021 815 
357 7413 2600 8267 7752 6966 130 1160 7896 3551 3691 8416 1977 338 5941 7405 3141 
358 8722 9265 3004 3961 246 4974 7485 4066 1044 9982 3290 5466 6587 5872 3441 2887 5161 5861 6847 737 6964 7770 
359 7413 6986 9669 2125 1641 397 8131 9337 1835 7146 4333 8931 4065 9898 8964 6984 8308 642 6576 9216 1277 4757 71 7079 1413 5418 6178 5397 
360 6030 1611 1365 210 5444 8871 6376 3895 4309 9337 2189 9362 4892 6968 837 3340 9021 9816 1132 4069 7929 
361 7120 9834 7219 5788 4948 1580 8922 2491 2518 7454 2910 4401 7023 3092 6643 9085 6359 30 61 5503 3463 2797 6752 731 4924 4491 6086 6618 1809 816 7033 355 8331 2392 7938 8217 
362 259 8711 8470 1256 8812 5097 1383 5288 1498 3675 910 7683 1364 2475 2464 9540 5185 9311 7432 7821 1293 8429 6859 8554 4963 9977 7721 3706 1829 8022 
363 7819 1772 163 7672 9323 2545 9524 5830 8443 3994 4954 5283 8336 738 
364 3113 1091 524 654 5069 8630 5939 2481 1208 3685 6363 4443 1952 9516 1851 4760 
365 3757 7133 2668 6737 7788 7434 7180 9807 3706 4780 5566 6477 5494 6662 3588 600 4677 3687 8061 898 9994 5735 637 9275 6139 2791 7930 6486 
366 7500 2542 1619 674 8400 2697 7117 705 2070 253 3853 345 6526 5934 9936 3134 8585 7499 5921 
367 1534 6538 9270 3371 2128 2898 6486 7698 8797 7379 866 5030 8140 9290 6084 5543 7198 3726 3226 2676 1948 2072 7833 4021 5785 8036 126 8535 9295 6941 2403 5922 9405 8133 7775 5695 8684 4886 
368 745 1979 2513 8092 130 703 2803 5833 1000 519 5673 1679 7567 6977 773 4397 3680 5567 
369 439 1332 1794 6648 2440 3092 3345 7857 9691 9939 2097 6333 415 3840 7771 
370 979 450 7709 7179 8248 7234 7987 155 9659 2898 7456 5005 2158 7756 2013 4870 4203 8583 1273 3811 4971 4232 4108 7254 6040 1876 8031 7598 3278 2652 6809 8743 6046 503 642 9838 7233 1548 
371 8343 6063 5558 7313 3082 3021 7548 1003 7792 9069 1345 2129 6473 44 8448 6889 
372 1496 7289 5946 4007 6301 2278 8279 4908 5721 6648 3499 2008 2799 1049 765 2879 446 2659 
373 8125 4624 2666 1710 1601 2904 1670 847 1868 5251 5966 780 7087 2699 9032 8185 9733 2929 7210 9970 8081 2439 8167 3241 6453 6413 1389 5198 7749 9904 6415 8210 6967 9496 8582 699 8124 7167 2244 7435 1585 9238 5700 7974 3 5997 
374 8325 5735 7117 488 5126 1039 5687 7681 6150 3858 6088 9495 8019 8981 5839 3870 
375 3758 8069 3964 5003 552 523 6492 220 8690 9576 3244 5815 8562 6611 3987 8934 5005 3256 6045 3345 6639 1406 6728 2767 4564 6112 2228 6061 
376 5437 2264 4071 9518 3184 4350 5752 4156 3689 4258 4965 4404 5266 278 6472 3381 7027 6051 1596 1985 9719 7386 5359 2321 7436 1515 
377 904 4257 8882 1208 8310 4307 1314 2987 7728 5905 353 4289 5232 
378 352 8711 6778 9483 4526 8618 8294 5995 5333 7889 3576 3008 4811 1205 592 4015 4133 1824 1789 1682 1905 5402 1745 
379 8342 2343 9302 9528 5897 5693 7692 2965 6434 1181 2318 1295 6048 2906 1562 9942 2390 4984 3699 3552 6131 687 3113 
380 2730 102 4983 9440 8878 5355 5423 6935 965 1185 6893 7526 474 7796 9177 5339 6627 2966 
381 9199 7575 2666 6986 761 2158 2019 5997 2650 6360 5726 9465 227 622 4359 798 4382 3441 4411 5131 3942 932 4276 2428 6162 7616 1400 560 
382 1056 3299 3265 3725 4931 6094 1215 9950 5372 6670 1439 2313 2797 6883 
383 5715 2182 9160 6170 2790 450 6178 6608 5821 2673 569 937 3784 7929 3753 1110 7688 2607 4402 5981 6469 9822 5756 9836 8503 3937 6786 4308 2929 5112 2038 5889 207 3707 8780 132 1528 3596 2223 3386 4916 1204 1051 9309 1619 5713 8614 
384 935 3836 3158 4385 6785 7349 7725 3545 6437 8014 9351 7239 4365 8753 9370 4871 5982 1156 4799 4299 4198 1495 1335 8163 8688 2764 1446 5214 
385 2790 369 9043 4527 7204 4234 5899 5885 177 4957 5772 3251 6301 9395 9465 4709 6262 8282 8899 7169 5232 463 1095 4093 2877 8598 6330 836 5795 2884 2206 7306 5505 4415 1552 
386 935 7699 7438 6537 5848 2615 9299 2685 1287 2264 6454 3781 477 9940 2263 221 3285 6044 325 8580 1375 813 2900 1761 9654 7429 676 5520 6734 340 6750 5661 2339 872 8142 3165 6748 8928 654 1256 3269 6320 168 3227 9841 7004 3986 
387 6938 7709 183 3877 2685 3146 5401 7902 3784 5964 5194 5866 4402 8087 3352 6677 6698 1939 5379 6059 1583 8442 1110 3312 9087 8154 485 9440 6401 8425 8815 5188 798 2677 4047 9107 9178 
388 2962 6538 1670 2058 527 3050 7842 7856 8142 7126 5802 3575 4680 8377 5318 1292 895 4036 4057 5818 4972 225 6195 8854 253 6921 7508 6406 5973 1810 8111 
389 3582 273 5629 6871 3149 591 8547 5418 2248 8159 7489 4218 4666 7861 
390 2 1956 9404 6067 9003 9688 7511 6765 5141 3236 4923 4108 652 865 9703 1405 3504 8428 4974 782 4450 4691 6491 9515 5065 272 6982 1580 2265 8552 802 3072 8044 4086 3821 987 9780 8337 4365 349 
391 7791 395 3320 4828 2139 4345 3125 7586 2818 1195 7123 4011 538 1642 1223 7740 4783 8027 1248 686 4584 793 6984 1935 5910 9065 5690 7936 4429 400 2286 1050 9887 6795 5292 
392 5428 7550 366 2956 6344 8788 4506 6586 2273 5890 2375 9873 3343 
393 979 745 5326 2699 2768 7569 6771 9551 4971 7088 5710 2676 2817 7163 8217 9807 6254 7752 8028 898 4973 3998 1807 5383 9912 9261 8270 1834 703 7855 8554 9369 9065 981 2704 
394 1042 2005 4423 3961 8832 3453 5171 3842 2958 7496 8519 4347 8388 219 4243 2627 8117 3292 760 1501 893 7881 
395 7699 8491 4020 6049 1383 1454 6101 8920 9008 8896 5887 2485 1572 7787 2565 949 6889 7138 813 376 2016 7467 6953 7202 1535 3963 365 7099 1987 1367 6244 3125 8639 8156 4210 9515 8294 255 8095 4148 8959 2589 
396 7732 6534 7806 1216 9023 7474 951 4517 7101 1734 6970 108 3268 5871 6338 8601 3528 933 7859 2066 5818 4697 8991 6786 5150 2562 4903 4244 5557 8421 6100 
397 2142 8197 2103 2973 7969 6756 8460 6348 7032 7611 4735 6491 4069 
398 6778 8487 6458 8600 7820 8593 295 5401 3393 7521 8912 3664 9045 3048 3969 3210 8155 9425 7606 2432 5659 7841 5125 3358 5474 9279 1290 1145 
399 5193 9324 250 2597 4285 6518 7472 3334 7719 6010 4639 7159 3118 5020 4069 8494 8375 
400 5643 6161 3006 6486 4912 9720 6503 3190 1512 8195 8124 678 9655 1141 4804 2037 7631 9721 7141 2552 6594 7815 4365 1944 2583 1351 9057 3494 4760 
401 9086 6226 9043 3876 8699 3810 5642 3237 8467 2237 6642 9275 3948 1426 9591 1805 
402 2155 2858 9443 9659 7426 2792 6454 1296 3742 9202 5334 276 2294 2424 2846 6603 2529 555 6741 5050 3253 7447 6423 9940 
403 3104 253 5075 9804 9738 8951 7374 3599 4953 5852 1953 3273 355 
404 7050 3156 4147 2218 6184 5182 7079 9383 8042 2868 3732 3375 7993 8805 
405 311 6895 8609 2750 9703 2416 379 7372 1306 7393 4414 3729 9850 4544 3173 1893 9780 8295 2421 1560 
406 7997 1117 925 9990 3004 2662 6029 1134 5902 300 8068 7105 7413 8375 6071 7198 3950 4034 2095 7486 3837 5234 6487 7896 9586 3408 738 2393 6201 3603 8270 9185 3476 3147 5413 5609 3882 8748 3149 8204 2017 4896 9004 7221 
407 8649 3408 141 4612 485 8989 5735 6015 965 7008 455 7030 3456 9563 5839 6168 6963 5257 9481 8243 7665 
408 3073 2365 7406 2225 8762 6456 9932 626 3244 7205 5893 8320 5302 9960 952 
409 2962 4836 2062 7753 9992 2345 724 4746 766 8646 4074 9866 7452 7407 6161 
410 5677 5322 5175 6028 1858 7895 1296 3284 114 7547 4487 4272 871 6051 7527 7773 9245 6341 7147 3757 
411 1650 4744 9612 5155 1695 3159 3879 3775 29 915 6633 9286 6296 
412 3783 650 183 8069 7902 7788 3703 4784 220 6962 2938 2741 4658 6334 8425 9485 2191 9993 6651 8427 9357 5323 9042 8947 4372 4766 5356 5547 8180 6653 7756 
413 9968 6827 2630 3232 4870 5341 5483 1430 7234 7883 2595 3249 3976 5501 5277 7665 9268 7146 6953 3111 5245 8352 7703 1303 9205 4171 7967 2939 3675 7758 7163 6212 3958 3989 2052 
414 925 8267 3052 8782 8060 7123 1717 2156 7383 1675 564 5481 8103 7469 4448 2833 8027 1223 
415 7949 4326 412 9139 9404 1117 5006 2383 802 9425 2897 3061 8686 5171 3883 5639 8081 4402 8598 2326 5466 8995 8486 239 6717 7093 7004 2915 5343 6701 2562 5849 
416 3982 7852 1496 3261 541 8106 1852 9787 5969 6166 7356 5728 8231 6479 347 8946 4475 5954 2055 167 4382 2052 3926 
417 5762 8387 3753 7023 3707 1737 9965 8696 9689 8506 1464 3566 5479 656 8220 7802 8361 5742 6570 796 1579 7675 4511 5978 1848 5108 3337 4129 
418 5445 1710 650 9615 9758 1246 332 56 3463 4055 2412 8017 4890 4236 8176 1396 9697 8904 6767 3269 4095 9505 729 3 1389 9449 737 7536 9115 1414 9681 2543 
419 5962 3158 5038 5902 6387 8582 6623 7064 8179 7904 7396 2305 2239 8556 3220 8810 9921 485 8336 9528 7509 1623 639 8790 5440 496 5992 
420 6153 2583 2189 4691 7868 1393 2278 8058 6191 9798 3540 4917 4565 4213 7488 1993 4808 4145 552 3230 7320 
421 1238 1353 1242 4749 4057 9451 1957 5522 1370 9845 3857 2687 8798 5240 7983 4935 2990 9649 
422 8116 2052 6650 132 9208 1598 257 1336 3497 1658 137 117 760 9878 9745 8170 7525 5679 3479 6773 3648 9806 
423 5869 9347 9933 9349 5981 3612 207 5737 7602 5605 1510 6604 1721 9005 6223 254 6144 5730 752 7353 1381 8662 3669 8578 7848 8803 3755 
424 9244 7713 9990 6899 8922 518 6545 3354 2958 7050 863 6770 108 6643 5333 8078 6961 3842 551 9341 4965 8687 3092 8681 8040 1341 3889 7092 2574 7855 7071 1845 7069 2292 6490 3345 4606 5254 
425 9583 8904 2774 4915 7483 9560 564 590 1747 8970 3045 941 4860 1972 6476 7939 8651 
426 7153 5326 3146 46 7791 4286 9444 7933 7355 4367 1607 1981 675 6332 7664 1750 9551 1799 2002 7078 3726 3513 468 9871 3665 131 5228 8136 1157 6163 964 3100 2466 4569 5362 4333 8172 8852 9510 
427 3144 9299 847 5386 7751 4531 583 2003 5295 468 8908 2979 6687 4437 6554 1246 1305 6836 6652 6913 6099 6681 3405 1299 5849 1336 8300 8352 3491 6338 557 9293 9109 8493 5188 9233 8911 2965 8340 6261 2070 8373 4995 
428 7669 6153 8332 8445 2927 930 2578 3377 5833 7560 116 8622 5915 4793 3662 2290 9227 326 5823 5713 6970 
429 652 6511 8167 8268 1941 5258 9498 3160 2452 6388 9569 8765 499 9285 4141 8968 7275 2718 660 
430 8830 7997 6251 6244 697 1083 9775 9004 5589 4432 6604 2190 8937 8549 9406 5530 32 6964 4678 727 
431 9734 5615 8230 9303 9664 3805 3105 6065 3097 206 8852 731 5779 4079 
432 5643 1358 7210 6391 9496 3102 3409 190 9174 2787 915 6240 6961 1250 5002 5417 9188 4556 9606 8265 4035 3243 
433 238 3885 9197 3259 4730 1961 9312 4635 299 6034 8790 874 9086 5186 5649 269 5923 3490 7484 8538 6978 
434 148 9178 3567 6074 4749 6071 437 9898 7606 5316 6149 374 1736 394 6863 4337 5026 4591 6130 7278 1749 9159 402 575 8700 1025 2711 7431 2038 7290 2064 5069 6140 2318 4752 
435 3753 5099 9265 4728 476 4913 1365 6403 5211 2010 7586 6566 8508 1624 8478 8789 9182 4762 4540 3035 6724 233 6600 4454 2771 
436 8465 6222 2286 8948 5790 7170 4990 1521 6346 5110 7636 6710 9284 
437 8193 1956 8848 2857 1167 7039 977 1846 5668 1470 1869 1209 9292 3530 1301 2865 9303 2326 546 4389 8439 3214 1961 3058 
438 5156 5359 5997 5502 7162 2060 3072 2204 6853 8589 2704 6418 1903 7929 7097 4468 6011 3818 5083 8169 8564 9873 417 3398 1841 1343 
439 5880 9573 2175 5451 3936 991 5964 2870 4647 2760 8566 7200 2146 5866 6099 8233 4517 2320 2030 6418 4037 2863 4974 1644 6476 2358 218 5989 3714 5815 1311 3910 1849 1492 6699 6336 
440 6044 8386 6853 3584 3814 8036 4633 7859 5080 4777 9135 8803 7075 4364 244 362 5552 4112 2355 3154 1739 
441 2962 7630 9137 2239 7971 2805 606 1705 8114 5440 2211 6479 1261 1315 7716 2134 1646 1905 6736 5734 6487 
442 6547 5099 3077 8105 200 2349 6095 6621 9777 3944 88 2760 5163 8506 2867 1430 6413 7410 5798 8829 6282 3697 3806 3153 417 716 3515 5389 6087 4977 9592 6257 9164 9167 
443 79 6613 2555 9533 3783 4199 447 8284 2773 3043 8183 5239 2699 8687 7486 1479 3607 7057 4348 8726 6677 6454 7615 5726 3714 5546 2810 4913 7631 1531 9407 6881 4077 2107 2275 5335 6260 4110 873 4785 1796 3432 7653 
444 1105 7713 6470 8462 2615 7845 311 2611 9573 1934 4343 3507 6802 7782 8756 3926 2074 447 4717 5887 4134 7749 7365 8414 1889 5429 6750 8058 9050 5216 5155 9114 6352 2256 6616 4260 6549 2396 7206 9637 132 7740 6963 4317 1997 4633 2066 6460 7536 
445 259 9713 4385 5838 2019 6946 7599 2412 8958 5253 6903 5895 5980 4011 2856 8455 9843 2954 792 5925 3319 1966 8569 1206 7732 6084 1452 1169 3141 6195 5870 6113 2136 7038 3374 2601 
446 2240 3316 8910 7736 8116 4399 6216 8439 5921 2679 5458 2263 4151 9464 3950 2577 5654 1981 7634 1081 4068 1538 3354 6502 9132 456 4494 1387 8015 1036 5589 675 9435 538 478 3539 8628 3015 3088 9865 3946 4462 2542 2879 2970 
447 7 6458 2233 8599 2860 2709 4766 6617 2881 6242 8411 3650 129 1385 
448 4397 1154 4358 82 8320 4084 1363 1985 7780 1955 7059 9511 128 6484 5891 2229 8856 9931 
449 7880 3914 6060 264 5088 809 4864 8758 9701 6000 1016 7695 305 17 7301 5583 
450 3584 7266 6161 6014 8183 511 1150 9579 8174 8386 857 3630 5502 7146 8135 9988 756 7888 4783 8358 8710 4739 7657 6683 5467 138 7095 6954 6507 7781 1356 343 3470 
451 1348 6280 3146 267 3491 5400 783 5909 9027 1702 310 5373 7260 6666 7733 643 3356 7034 6869 6539 2416 8515 4089 2728 5628 2050 5465 4647 
452 8716 4314 1831 2707 9565 5090 3496 8054 3717 5085 3530 3214 5358 2310 6022 630 3341 4140 9113 8400 6305 
453 3936 2704 395 6889 3468 9107 5656 3249 5572 1571 5483 457 6115 518 3079 7771 1289 4011 6785 7521 3049 6739 9010 5349 8256 2810 279 6102 9351 7829 7036 4310 6669 9640 2433 7337 3007 2692 3159 5674 1860 6495 3797 3956 550 
454 9044 9603 1788 6290 5271 7043 1567 8440 2445 1697 9401 1749 4691 1043 
455 1429 9160 1042 3006 5386 1401 2491 2136 254 3750 7055 1137 4168 3651 6230 3727 5143 6338 2474 6123 2227 6925 8719 9501 8084 868 3776 134 4785 577 5742 
456 4071 5607 6445 4702 8670 2195 9468 2576 1159 1122 5664 4596 6214 4699 6104 2736 7302 2304 
457 1773 3227 7473 8031 7978 8129 4933 10 3313 9491 3176 529 8026 5241 9770 4040 8257 
458 7652 9930 9453 8212 208 6100 8733 5104 6622 590 136 101 1019 5957 9185 2925 6150 6619 8529 9262 5867 2885 
459 8387 7652 3074 2643 8716 4527 1216 5902 3207 5383 9852 2085 2422 9979 8531 3020 420 6833 1800 1050 9259 4679 6424 9398 6075 2569 7290 8087 9073 1259 5052 6555 1931 9216 4029 2634 3576 8090 8067 3629 1212 4241 1613 6687 742 
460 7883 3106 8307 9600 8728 4639 2752 7216 2842 1779 9789 3672 1916 6163 7569 7525 2650 4537 5383 7775 7868 6408 3657 6730 5658 6321 1903 3160 4805 7679 5014 
461 3808 1826 603 6176 1119 5666 1148 9506 4469 9491 6300 203 2763 5224 3285 
462 9842 5218 243 8672 6174 6898 3155 5368 5119 8488 7605 20 2640 1808 1397 4245 5111 
463 5445 5156 8601 3240 7791 5993 3102 5239 8307 6250 7054 5270 3383 110 7960 4091 2871 467 6175 8499 9392 7678 1554 3703 5895 6767 3823 1295 2690 6126 4285 5286 1855 6487 9573 8905 7009 3158 
464 9671 18 862 7143 3623 4662 3993 1574 7451 2277 9261 9432 8286 3941 9749 
465 8340 7425 8780 6153 3690 8236 5582 9936 1667 8160 2324 2988 152 3872 2173 8314 7692 
466 3371 8116 8140 8235 7068 7280 6400 3089 9646 690 252 4684 3718 2101 8516 742 9071 9499 7549 1874 767 3745 5078 1212 5796 7868 8252 8759 
467 6482 1353 4027 7206 1790 4345 4069 8836 7123 2979 9988 9218 8279 4439 9995 1651 770 2382 5396 4857 6544 8242 8338 6478 7509 4327 4294 1204 3485 3230 46 753 
468 8406 9114 9688 9040 2064 9703 5247 9540 5659 718 4159 8287 678 1491 6567 1290 5688 8815 3696 3428 4281 9750 8773 7639 5678 7987 
469 1774 5917 7077 2707 2183 8831 9594 896 7457 7998 1040 6869 6184 6260 624 8365 6787 3710 3024 8254 6463 7238 3754 
470 7762 7153 7736 2327 7219 8832 7012 6187 5448 88 7361 4418 3304 5780 9461 3950 676 2768 3203 4055 2773 7485 358 1780 2392 8269 385 4834 2209 6588 9829 2698 6409 7536 2569 9414 5232 3817 4898 4282 1924 7643 3715 5738 925 4068 
471 3077 6391 7355 9666 8604 2673 2809 9476 943 9819 6647 37 4169 341 7981 4421 2616 425 
472 4985 1134 9461 6611 9669 2943 2870 1546 6447 8618 444 8345 4760 5826 8284 5194 8728 8958 3731 3061 7845 7688 6949 5846 6875 5780 6945 8814 1916 5801 3865 354 7078 1216 802 2607 3362 7038 9391 8029 2806 792 7542 210 1276 2781 286 7131 8919 1601 
473 3830 3111 3543 7968 1117 6170 5752 135 3792 1091 4728 9955 640 3905 8227 5177 8150 8053 2870 3795 5756 513 2171 6622 1175 8729 3308 3434 4549 8268 709 2604 6477 1219 5668 820 8822 7154 4249 182 8995 7045 683 
474 8644 8910 843 7053 712 6492 4442 3393 3964 5277 7606 7379 8614 3684 5605 2404 1157 5339 6144 9048 1719 2794 4378 8499 3275 695 7641 9917 354 81 8287 6496 4973 9476 2822 8461 4831 
475 321 9615 8470 8462 2264 6545 8528 1546 8618 9215 541 7267 5504 638 3665 4948 7049 6675 5448 4760 2818 1405 3926 9260 2673 2650 9436 1223 718 5698 5966 9480 8157 7895 7979 164 4188 4326 4070 1962 3474 3080 3314 3596 1969 3679 72 5793 3869 3814 9961 7791 1429 
476 5816 3368 3991 1924 4464 5042 5352 5342 5908 2795 4312 1317 8555 7329 2449 9600 3243 1358 183 
477 3830 9007 979 753 4170 6082 4457 1358 4034 6550 4079 8092 6424 6922 9555 8195 1798 610 5365 438 4123 8927 7708 3048 9666 8985 3790 1181 829 1395 7290 3219 8920 8800 5316 6919 1757 9798 6666 
478 5962 2327 5677 5307 8711 2615 4870 6376 5526 1124 9918 7795 5391 8056 3714 5461 3897 3568 5501 9969 1690 4579 118 6884 8361 7209 2452 4234 
479 205 3964 7759 6978 7068 269 3128 6880 3704 585 950 9055 3812 9431 5704 3416 790 9764 7991 9656 1218 8905 8228 4743 721 6251 
480 3012 8005 6635 5446 8105 369 6611 4531 4129 6737 921 7933 5504 4343 9892 8053 1542 1554 8982 8259 1150 5433 6748 4308 9815 1562 752 1157 3675 5605 1686 9521 4249 6198 6486 8710 883 7165 3386 880 3157 5912 813 6129 8068 991 
481 3129 8738 4179 7565 3818 1428 9379 9954 9874 4010 7663 8694 9678 6250 
482 6566 9684 8729 6997 6925 1373 1090 566 8732 5347 4720 6092 4821 2749 1543 8360 7759 
483 2 4561 7199 7984 4463 8573 6587 6915 6512 6381 6691 4486 8888 9271 9953 2519 6133 388 7633 3504 
484 5322 838 7517 7519 3981 6737 5758 8418 5885 5784 1329 5385 5660 2818 2873 4252 6909 8855 6214 8405 3320 9522 3839 3213 2653 1247 1585 3925 2624 9589 7965 793 9470 6303 4875 2983 
485 3074 7949 4967 3184 6369 2192 4129 9089 7135 3364 6652 917 9273 7955 5442 1019 270 7826 3772 5703 5631 2747 8529 4840 
486 8077 5658 3486 9986 9683 6996 895 5162 5689 1317 3946 4917 8390 5140 
487 3521 8663 3377 732 6020 8209 6630 8218 7336 5678 8898 5859 8689 6414 4732 8568 2682 4883 6408 
488 3936 1429 8491 1739 5880 4341 7193 7320 1079 496 4282 8345 8896 2156 2198 2404 9091 5655 7834 3362 2875 557 956 136 4302 9883 5700 6973 6702 7142 6232 343 8569 8342 9739 952 2121 
489 5219 1752 3728 876 5072 9138 776 991 4962 7266 7029 3251 7742 4437 3835 1554 6731 7987 1562 6011 5921 2485 9640 5349 5198 5604 6250 3837 6909 6762 9290 3505 4658 7683 1833 7904 2598 3268 2265 4324 6867 7452 3969 4264 4372 1846 
490 6428 3089 8844 7476 8387 1352 3756 6429 7617 9861 4175 2222 9046 359 2903 4835 6289 8743 2114 
491 1917 1414 9311 2227 7586 6578 9523 7707 2018 4513 8392 3083 7985 8611 1939 7582 550 2058 
492 4326 447 9669 7864 9230 640 2732 4965 3379 1986 7419 3236 4670 2114 7355 4822 8918 6949 9376 2737 1950 2404 9858 8139 1540 9130 3428 9335 4649 2366 3225 7500 6084 
493 9533 5340 148 9299 1524 9107 761 4619 8396 3827 3944 3781 9947 5662 2979 6053 683 9281 425 709 1282 3049 8780 3380 2690 9116 3486 6639 9904 4995 6295 207 3634 7476 1356 4349 7681 2895 
494 8495 3363 374 3932 912 5992 9652 6499 174 9034 2014 2424 5206 4667 1964 4604 1197 2674 9901 1223 2635 7155 4712 3023 8491 3146 
495 5270 7434 7336 2909 3415 466 8508 5904 8741 9787 644 8889 4482 5951 4159 1423 5104 6465 
496 7762 6692 6534 4664 4985 7902 7992 650 574 1083 2790 9354 3961 9930 1167 7755 2458 1504 774 8881 8333 4619 2791 9829 6898 8363 5885 2123 3672 1779 7694 1841 2842 9604 4636 1937 2264 8111 7034 9582 4537 6427 2423 5278 8987 
497 6538 3541 4317 6073 1877 1745 7572 9711 4742 900 2872 4393 2097 1489 104 7663 5597 497 5417 3576 
498 9443 2426 1454 155 5784 5645 876 5547 6250 5767 9623 8566 7379 5726 7696 2608 5471 3044 4497 3352 3005 5323 2730 6222 3610 3895 9943 8287 6144 6234 8743 3021 211 
499 935 6980 6280 5090 9283 1539 1892 953 7530 6238 9950 3338 41 6902 1644 7856 4916 8722 
